10240
10112
9984
9856
9728
9600
9472
9344
9216
9088
8960
8832
8704
8576
8448
8320
8192
8064
7936
7808
7680
7552
7424
7296
7168
7040
6912
6784
6656
6528
6400
6272
6144
6016
5888
5760
5632
5504
5376
5248
5120
4992
4864
4736
4608
4480
4352
4224
4096
3968
3840
3712
3584
3456
3328
3200
3072
2944
2816
2688
2560
2432
2304
2176
2048
1920
1792
1664
1536
1408
1280
1152
1024
896
768
640
512
384
256
128
0
-128
-256
-384
-512
-640
-768
-896
-1024
-1152
-1280
-1408
-1536
-1664
-1792
-1920
-2048
-2176
-2304
-2432
-2560
-2688
-2816
-2944
-3072
-3200
-3328
-3456
-3584
-3712
-3840
-3968
-4096
-4224
-4352
-4480
-4608
-4736
-4864
-4992
-5120
-5248
-5376
-5504
-5632
-5760
-5888
-6016
-6144
-6272
-6400
-6528
-6656
-6784
-6912
-7040
-7168
-7296
-7424
-7552
-7680
-7808
-7936
-8064
-8192
-8320
-8448
-8576
-8704
-8832
-8960
-9088
-9216
-9344
-9472
-9600
-9728
-9856
-9984
-10112
-10240
